AHMEDABAD 1982 3.1 0.0 0.8 6.1 110.1 24.3 191.5 103.3 13.3 4.7 124.7 0.0 582.0 3.1 117.0 332.5 129.4 
AHMEDABAD 1983 0.4 0.0 0.0 2.5 0.0 93.6 314.3 359.8 111.2 60.3 0.0 0.0 942.2 0.4 2.5 878.9 60.3 
AHMEDABAD 1984 0.0 0.0 0.0 0.0 0.0 42.2 248.1 343.6 72.5 0.0 0. 0 0.0 706.4 0.0 0.0 706.4 0.0 
AHMEDABAD 1985 0.0 0.0 0.0 6.0 0.2 4.7 176.0 128.3 17.1 257.4 0 .0 0.0 589.6 0.0 6.1 326.1 257.4 
AHMEDABAD 1986 0.0 0.0 0.3 0.0 1.5 200.1 52.6 132.0 1.0 0.0 0.0 0.0 387.5 0.0 1.8 385.7 0.0 
AHMEDABAD 1987 0.0 0.2 0.0 0.0 0.3 52.7 41.6 123.6 1.8 0.0 0.4 5 .2 225.8 0.2 0.3 219.6 5.6 
AHMEDABAD 1988 0.0 0.0 0.0 1.2 0.0 19.1 457.4 186.4 145.7 1.2 0 .0 0.0 810.9 0.0 1.2 808.5 1.2 
AHMEDABAD 1989 0.2 0.0 0.0 0.0 0.0 99.9 273.9 242.8 20.2 0.0 0. 0 0.0 637.0 0.2 0.0 636.8 0.0 
AHMEDABAD 1990 0.0 0.3 0.0 0.0 13.3 26.0 144.2 582.5 177.2 23. 7 0.6 15.7 983.6 0.3 13.3 929.9 40.0 
AHMEDABAD 1991 0.0 0.0 0.0 0.0 0.0 22.0 412.1 99.4 7.6 0.0 0.0 0 .0 541.1 0.0 0.0 541.1 0.0 
AHMEDABAD 1992 3.0 0.0 0.0 0.0 0.0 96.3 163.4 130.8 151.4 4.2 0 .3 0.0 549.4 3.0 0.0 541.9 4.5 
AHMEDABAD 1993 0.0 0.1 0.0 0.0 0.0 55.6 503.8 32.4 113.0 10.5 1 .0 0.0 716.6 0.1 0.0 704.9 11.6 
AHMEDABAD 1994 3.3 0.0 0.0 0.0 0.0 100.3 380.2 284.7 363.7 0.0 0.0 0.0 1132.3 3.3 0.0 1128.9 0.0 
AHMEDABAD 1995 0.0 0.0 1.1 0.4 0.0 1.1 262.4 76.0 74.7 0.0 0.4 0 .6 416.7 0.0 1.5 414.2 1.0 
AHMEDABAD 1996 0.0 0.0 0.0 0.0 0.0 87.7 260.1 175.2 99.5 28.5 0 .0 0.0 651.0 0.0 0.0 622.5 28.5 
AHMEDABAD 1997 2.9 0.0 0.0 1.1 4.8 568.7 117.5 278.2 69.1 0.1 0 .4 0.0 1042.9 2.9 6.0 1033.5 0.5 
AHMEDABAD 1998 0.0 0.1 0.0 0.0 0.0 73.7 258.4 142.3 176.3 81.8 0.0 0.0 732.8 0.1 0.0 650.8 81.9 
AHMEDABAD 1999 0.0 2.6 0.0 0.0 4.8 178.4 303.2 35.7 12.5 60.6 0 .0 0.0 597.8 2.6 4.8 529.8 60.6 
AHMEDABAD 2000 0.0 0.0 0.0 0.0 72.5 59.5 476.6 116.0 4.4 0.0 0. 0 1.2 730.2 0.0 72.5 656.5 1.2 
AHMEDABAD 2001 0.0 0.0 0.0 1.3 5.1 171.7 294.3 216.6 1.8 10.7 0 .0 0.0 701.5 0.0 6.3 684.4 10.7 
AHMEDABAD 2002 0.0 0.0 0.0 0.0 0.0 144.1 18.6 120.6 57.0 0.0 0. 0 0.1 340.3 0.0 0.0 340.3 0.1 
AHMEDABAD 2003 0.0 1.4 0.0 0.0 0.0 78.9 310.3 380.0 63.4 0.3 0. 0 0.0 834.3 1.4 0.0 832.6 0.3 
AHMEDABAD 2004 0.0 0.0 0.0 0.0 3.5 71.3 193.8 453.2 33.5 8.7 0. 2 0.0 764.2 0.0 3.5 751.8 8.8 
AHMEDABAD 2005 0.0 0.0 0.1 0.0 0.0 340.0 270.5 210.4 307.7 0.0 0.0 0.0 1128.7 0.0 0.1 1128.6 0.0 
AHMEDABAD 2006 0.0 0.0 0.5 0.0 0.0 99.0 450.3 320.4 124.8 0.0 0 .0 0.0 995.0 0.0 0.5 994.4 0.0 
AHMEDABAD 2007 0.0 0.2 0.0 0.0 0.6 93.3 358.9 305.2 87.5 0.0 0. 0 0.0 845.7 0.2 0.6 845.0 0.0 
AHMEDABAD 2008 0.0 0.0 0.0 4.2 0.0 18.0 190.9 244.9 216.4 2.5 0 .0 2.5 679.4 0.0 4.2 670.3 5.0 
AHMEDABAD 2009 0.0 0.0 0.0 0.0 0.0 4.9 232.8 122.3 9.4 6.3 0.0 0 .0 375.7 0.0 0.0 369.3 6.3 
AHMEDABAD 2010 0.2 0.0 0.0 0.0 0.0 45.1 313.9 475.2 215.1 0.9 4 6.1 0.2 1096.8 0.2 0.0 1049.3 47.2 