DISTRICT YEAR JAN FEB MAR APR MAY JUN JUL AUG SEP OCT NOV DEC ANNUAL JF MAM JJAS OND 
AHMEDABAD 1901 0.3 0.0 0.2 0.0 8.0 15.1 179.0 191.2 20.4 10.0 0 .0 0.0 424.2 0.3 8.2 405.7 10.0 
AHMEDABAD 1902 0.5 0.0 0.0 0.2 5.0 10.7 104.9 258.0 325.9 0.7 0 .0 7.3 713.2 0.5 5.2 699.5 8.0 
AHMEDABAD 1903 0.0 0.0 0.0 0.0 2.9 14.3 324.1 143.3 87.4 0.6 0. 0 0.0 572.7 0.0 2.9 569.2 0.6 
AHMEDABAD 1904 0.0 12.6 16.2 0.0 1.8 32.4 138.4 21.3 62.0 0.0 0 .0 0.0 284.7 12.6 18.1 254.0 0.0 
AHMEDABAD 1905 0.0 0.5 0.8 1.9 0.0 8.7 796.6 21.9 65.8 0.0 0.0 0 .2 896.3 0.5 2.7 892.9 0.2 
AHMEDABAD 1906 0.1 8.3 0.0 0.0 1.2 191.0 210.2 150.2 69.3 14.1 0.0 0.0 644.2 8.3 1.2 620.6 14.1 
AHMEDABAD 1907 0.2 14.1 0.0 1.4 0.6 72.6 276.5 448.7 5.4 0.0 0. 0 0.0 819.5 14.3 2.1 803.1 0.0 
AHMEDABAD 1908 4.2 0.0 0.0 0.0 0.8 36.9 312.2 351.6 6.3 0.0 0.0 0.0 712.0 4.2 0.8 707.0 0.0 
AHMEDABAD 1909 0.0 1.2 0.0 4.0 12.2 139.6 294.2 173.8 106.6 4. 5 0.0 2.2 738.2 1.2 16.2 714.2 6.7 
AHMEDABAD 1910 0.2 0.0 0.0 1.0 0.0 169.9 141.9 218.7 23.3 9.1 0 .0 0.0 564.0 0.2 1.0 553.8 9.1 
AHMEDABAD 1911 0.3 0.0 26.4 0.0 9.4 121.2 33.4 14.8 44.5 0.0 0. 2 0.0 250.2 0.3 35.8 213.9 0.2 
AHMEDABAD 1912 0.0 0.0 0.0 1.9 0.2 51.4 547.1 291.1 35.5 4.2 5. 1 0.0 936.5 0.0 2.1 925.0 9.4 
AHMEDABAD 1913 0.0 0.0 0.3 0.0 9.7 227.0 296.7 112.4 124.7 1.0 0.1 1.4 773.3 0.0 10.0 760.8 2.4 
AHMEDABAD 1914 0.0 0.5 0.3 0.2 22.5 175.0 301.7 128.7 176.9 12 .8 4.1 0.0 822.8 0.5 23.0 782.4 16.9 
AHMEDABAD 1915 4.0 1.6 8.1 0.2 6.1 75.3 70.1 20.6 26.5 110.0 0. 0 0.0 322.5 5.6 14.4 192.5 110.0 
AHMEDABAD 1916 0.0 0.0 0.0 0.4 14.2 54.6 121.8 243.9 112.8 34. 3 0.0 0.0 582.0 0.0 14.6 533.1 34.3 
AHMEDABAD 1917 0.0 12.1 0.3 4.1 103.6 66.3 293.3 290.4 261.5 1 89.2 0.0 0.0 1220.7 12.1 107.9 911.5 189.2 
AHMEDABAD 1918 0.0 0.0 0.0 0.0 6.7 24.5 51.8 100.1 11.2 2.2 0.0 0.0 196.5 0.0 6.7 187.6 2.2 
AHMEDABAD 1919 3.3 0.0 0.0 0.1 5.3 74.5 187.3 246.8 39.8 3.5 37 .8 0.0 598.4 3.3 5.4 548.4 41.3 
AHMEDABAD 1920 1.3 0.0 0.0 0.0 77.0 163.9 195.9 59.4 17.8 0.0 0 .0 0.0 515.4 1.3 77.0 437.1 0.0 
AHMEDABAD 1921 0.0 0.0 0.0 0.0 0.0 9.8 328.8 137.8 295.7 0.0 0. 0 0.0 772.2 0.0 0.0 772.2 0.0 
AHMEDABAD 1922 0.0 0.0 0.0 0.0 0.0 68.4 232.7 49.7 206.7 0.0 1. 4 0.0 558.8 0.0 0.0 557.4 1.4 
AHMEDABAD 1923 0.0 4.3 0.0 0.2 1.2 14.0 162.3 113.9 34.9 1.0 0. 0 0.0 331.9 4.3 1.4 325.2 1.0 
AHMEDABAD 1924 0.3 0.0 0.3 0.0 15.7 110.7 236.6 92.7 116.9 0.3 0.0 0.4 573.7 0.3 16.0 556.9 0.6 
AHMEDABAD 1925 0.0 0.0 0.0 0.0 31.3 213.5 189.4 33.4 0.4 0.1 23 .9 0.0 492.1 0.0 31.3 436.7 24.1 
AHMEDABAD 1926 2.5 0.0 0.0 2.2 13.4 19.2 293.1 307.6 300.7 0.0 0.0 0.0 938.6 2.5 15.6 920.6 0.0 
AHMEDABAD 1927 0.0 1.7 0.0 0.0 0.9 121.5 1074.0 119.7 96.9 12. 1 1.8 16.1 1444.5 1.7 0.9 1412.0 30.0 
AHMEDABAD 1928 0.0 0.1 0.0 0.0 0.0 4.7 261.5 210.8 148.0 8.3 20 .0 0.0 653.4 0.1 0.0 625.0 28.3 
AHMEDABAD 1929 0.7 0.0 0.0 3.0 0.0 70.4 206.4 99.8 22.2 1.6 0.0 13.6 417.8 0.7 3.0 398.8 15.3 
AHMEDABAD 1930 0.8 0.0 0.0 0.1 5.6 87.0 274.8 83.9 69.2 25.0 0. 0 0.8 547.0 0.8 5.7 514.8 25.8 
AHMEDABAD 1931 0.0 0.0 0.0 0.1 6.5 7.1 198.1 350.5 43.1 50.8 10 .7 0.0 667.0 0.0 6.6 598.9 61.5 
AHMEDABAD 1932 0.0 0.0 0.1 0.5 0.0 48.2 389.0 106.1 44.9 8.8 0. 0 0.0 597.5 0.0 0.6 588.2 8.8 
AHMEDABAD 1933 0.0 5.2 1.0 2.7 68.2 59.5 205.0 429.0 119.4 16. 0 5.2 0.0 911.2 5.2 71.9 812.9 21.2 
AHMEDABAD 1934 0.0 0.0 0.7 0.0 0.0 129.0 158.3 262.2 28.7 3.1 1 .3 0.0 583.2 0.0 0.7 578.2 4.4 
AHMEDABAD 1935 8.1 0.0 0.0 1.7 2.4 69.3 217.8 76.3 128.2 15.1 0 .0 0.0 518.9 8.1 4.1 491.6 15.1 
AHMEDABAD 1936 0.0 1.4 5.2 0.0 0.0 135.0 89.3 50.1 165.6 0.0 30 .0 0.0 476.7 1.4 5.2 440.0 30.0 
AHMEDABAD 1937 0.0 2.0 0.0 0.0 0.0 187.2 368.6 2.4 208.3 5.5 0. 0 0.1 774.1 2.0 0.0 766.6 5.6 
AHMEDABAD 1938 0.2 0.0 0.0 0.0 18.9 167.6 276.3 51.8 10.5 14.5 0.0 0.0 539.9 0.2 18.9 506.3 14.5 
AHMEDABAD 1939 0.0 0.1 4.4 0.0 0.4 30.3 103.5 201.0 46.3 3.8 0. 4 0.0 390.3 0.1 4.8 381.1 4.2 
AHMEDABAD 1940 8.6 0.5 8.4 2.3 1.5 105.4 109.8 156.0 51.3 2.5 1 4.5 0.0 460.9 9.1 12.3 422.4 17.0 