AHMEDABAD 1941 0.1 0.9 0.8 0.3 7.5 23.1 715.6 92.8 34.1 2.7 0.0 0.0 878.0 1.1 8.6 865.6 2.7 
AHMEDABAD 1942 3.2 7.1 0.0 0.0 17.8 51.3 303.4 255.3 125.1 0.0 0.0 0.0 763.2 10.2 17.8 735.1 0.0 
AHMEDABAD 1943 0.1 0.0 0.0 1.0 17.1 102.0 432.1 31.9 142.3 36. 6 2.7 0.0 765.8 0.1 18.1 708.3 39.2 
AHMEDABAD 1944 1.8 0.0 0.0 3.0 2.3 96.2 409.5 289.8 55.7 0.0 0. 0 0.0 858.4 1.8 5.4 851.3 0.0 
AHMEDABAD 1945 3.6 0.0 0.0 0.3 3.8 86.7 328.8 152.5 190.7 1.4 0 .0 0.0 767.9 3.6 4.1 758.8 1.4 
AHMEDABAD 1946 0.0 0.9 0.0 0.0 9.9 194.2 154.2 246.5 21.7 0.8 1 0.4 4.7 643.3 0.9 9.9 616.6 15.9 
AHMEDABAD 1947 0.0 0.0 0.0 56.8 0.0 19.6 168.8 156.8 124.7 3.0 17.0 0.0 546.8 0.0 56.8 470.0 20.0 
AHMEDABAD 1948 20.7 0.0 0.0 0.0 7.5 31.7 55.5 48.0 40.0 24.1 16 .7 0.0 244.3 20.7 7.5 175.3 40.8 
AHMEDABAD 1949 0.0 0.0 0.0 0.0 3.2 12.8 269.5 126.8 115.2 4.8 1 0.2 0.0 542.5 0.0 3.2 524.3 15.0 
AHMEDABAD 1950 0.0 0.0 0.0 0.0 1.0 13.2 422.3 40.6 267.5 0.0 0. 0 0.0 744.5 0.0 1.0 743.5 0.0 
AHMEDABAD 1951 0.0 0.0 0.0 1.4 1.1 50.3 138.0 111.9 7.9 0.0 2.0 0.0 312.5 0.0 2.5 308.1 2.0 
AHMEDABAD 1952 0.0 0.0 0.0 0.0 0.0 47.2 285.5 95.2 2.0 0.0 0.0 0 .0 429.9 0.0 0.0 429.9 0.0 
AHMEDABAD 1953 10.3 0.0 0.0 0.0 2.0 68.7 196.3 506.4 118.3 0.4 0.0 0.0 902.5 10.3 2.0 889.7 0.4 
AHMEDABAD 1954 0.9 0.5 4.8 0.0 0.0 45.6 204.1 186.5 280.2 17.9 0.0 0.0 740.3 1.4 4.8 716.3 17.9 
AHMEDABAD 1955 0.0 0.0 0.0 0.0 3.0 111.5 67.7 241.0 249.6 18.3 0.0 0.0 691.2 0.0 3.0 669.9 18.3 
AHMEDABAD 1956 0.0 1.0 0.3 0.0 2.5 78.4 400.1 273.6 111.5 94.1 0.4 1.5 963.5 1.0 2.9 863.6 96.0 
AHMEDABAD 1957 3.3 0.0 0.0 0.0 2.5 119.3 230.6 95.5 7.6 9.0 24. 9 0.3 493.0 3.3 2.5 453.0 34.2 
AHMEDABAD 1958 0.4 0.0 0.0 3.4 0.0 62.9 198.2 125.9 295.6 30.2 3.2 0.6 720.4 0.4 3.4 682.6 33.9 
AHMEDABAD 1959 0.1 0.0 0.0 4.2 1.9 58.2 463.2 152.9 325.0 105. 2 0.5 0.0 1111.1 0.1 6.1 999.3 105.7 
AHMEDABAD 1960 5.4 0.0 0.5 0.0 1.5 89.5 92.9 75.1 39.9 0.8 0.0 0 .4 306.1 5.4 1.9 297.5 1.2 
AHMEDABAD 1961 0.0 0.2 0.0 0.0 0.9 67.6 245.3 122.3 188.7 0.8 0 .0 0.0 625.8 0.2 0.9 623.9 0.8 
AHMEDABAD 1962 0.0 0.0 2.5 0.7 0.3 48.2 214.9 152.8 147.3 0.0 1 0.9 0.0 577.7 0.0 3.6 563.2 10.9 
AHMEDABAD 1963 0.3 0.0 0.0 2.2 1.9 35.1 172.6 240.3 254.0 26.5 37.5 0.0 770.3 0.3 4.1 701.9 64.0 
AHMEDABAD 1964 0.0 0.0 0.0 0.0 1.2 41.3 265.1 147.1 128.0 0.0 0 .0 0.0 582.6 0.0 1.2 581.4 0.0 
AHMEDABAD 1965 8.1 0.0 0.0 0.0 2.5 8.6 322.0 78.4 18.6 0.0 0.2 0 .0 438.5 8.1 2.6 427.6 0.2 
AHMEDABAD 1966 0.4 0.0 0.0 0.0 0.5 67.8 234.0 20.4 206.9 0.9 0. 0 0.0 530.9 0.4 0.5 529.1 0.9 
AHMEDABAD 1967 0.0 0.0 20.3 0.5 0.0 99.4 334.6 160.1 55.4 0.0 0 .0 23.6 693.9 0.0 20.8 649.5 23.6 
AHMEDABAD 1968 0.0 0.0 1.1 0.0 0.0 5.7 93.1 165.4 33.5 0.0 0.0 0 .0 298.7 0.0 1.1 297.6 0.0 
AHMEDABAD 1969 0.0 0.0 0.0 0.0 0.0 69.6 200.2 53.4 108.6 0.0 18 .0 0.0 449.8 0.0 0.0 431.8 18.0 
AHMEDABAD 1970 0.1 2.0 0.0 0.0 0.4 222.3 168.0 379.6 241.7 11. 3 0.0 0.0 1025.3 2.1 0.4 1011.6 11.3 
AHMEDABAD 1971 0.0 0.0 0.0 1.2 1.4 170.6 154.9 115.3 59.5 5.0 0 .0 0.0 507.8 0.0 2.6 500.2 5.0 
AHMEDABAD 1972 0.0 3.8 0.0 0.0 8.3 27.8 98.9 92.7 8.4 0.0 0.0 0. 0 239.9 3.8 8.3 227.8 0.0 
AHMEDABAD 1973 0.7 1.0 0.0 0.0 0.1 64.9 159.6 206.8 215.5 12.7 0.0 0.0 661.4 1.7 0.1 646.9 12.7 
AHMEDABAD 1974 0.0 0.0 0.0 0.0 60.7 34.6 60.6 44.9 43.2 33.2 0. 0 0.0 277.2 0.0 60.7 183.3 33.2 
AHMEDABAD 1975 0.0 0.0 0.0 0.0 0.2 162.1 88.2 447.2 333.5 26.5 0.0 0.0 1057.7 0.0 0.2 1031.0 26.5 
AHMEDABAD 1976 1.7 0.0 0.0 0.0 0.0 334.9 392.8 363.8 118.5 0.0 17.1 0.0 1228.7 1.7 0.0 1210.0 17.1 
AHMEDABAD 1977 1.2 0.1 0.0 0.0 33.1 189.2 423.2 174.1 49.4 1.3 1.5 0.0 873.1 1.4 33.1 835.8 2.8 
AHMEDABAD 1978 0.0 0.5 0.0 2.2 0.0 103.2 167.6 340.5 27.8 3.2 2 8.3 2.5 675.9 0.5 2.2 639.0 34.1 
AHMEDABAD 1979 0.0 5.6 0.0 0.0 1.3 126.7 81.9 461.7 34.4 8.5 76 .4 0.0 796.4 5.6 1.3 704.6 84.9 
AHMEDABAD 1980 0.0 0.0 0.0 0.0 0.0 200.5 177.8 139.7 25.1 0.0 0 .0 18.9 562.1 0.0 0.0 543.1 19.0 
AHMEDABAD 1981 0.0 0.0 2.4 0.2 0.9 56.1 321.7 366.2 83.6 26.5 2 2.9 0.0 880.4 0.0 3.4 827.5 49.4 