DISTRICT YEAR JAN FEB MAR APR MAY JUN JUL AUG SEP OCT NOV DEC ANNUAL JF MAM JJAS OND 
AMRELI 1901 0.0 0.0 0.0 0.0 2.0 0.8 306.8 65.6 4.8 3.8 0.0 0.0 38 3.8 0.0 2.0 378.0 3.8 
AMRELI 1902 0.8 0.0 0.0 0.0 0.0 47.1 186.0 161.8 83.1 1.5 1.5 35 .5 517.3 0.8 0.0 478.0 38.5 
AMRELI 1903 0.0 0.0 0.0 0.0 0.0 24.8 399.6 89.5 100.7 79.3 0.0 0 .0 693.9 0.0 0.0 614.6 79.3 
AMRELI 1904 0.0 16.2 28.0 0.0 0.0 16.0 223.0 30.3 3.5 0.0 0.0 0. 0 317.0 16.2 28.0 272.8 0.0 
AMRELI 1905 2.3 0.0 0.0 0.0 0.0 17.5 357.3 24.0 22.6 2.5 0.5 0.0 426.7 2.3 0.0 421.4 3.0 
AMRELI 1906 0.0 15.3 0.0 0.0 0.0 41.9 175.7 158.6 19.3 0.0 0.0 0 .0 410.8 15.3 0.0 395.5 0.0 
AMRELI 1907 0.0 0.0 0.0 1.3 0.0 161.2 312.2 61.9 0.0 0.0 0.0 0.0 536.6 0.0 1.3 535.3 0.0 
AMRELI 1908 4.1 0.0 0.0 0.0 0.0 48.1 436.8 182.5 5.6 0.0 0.0 0.0 677.1 4.1 0.0 673.0 0.0 
AMRELI 1909 0.0 0.0 0.0 0.0 0.0 130.4 220.3 122.7 65.4 0.0 0.0 1 .5 540.3 0.0 0.0 538.8 1.5 
AMRELI 1910 1.3 0.0 0.0 0.0 0.0 100.0 77.7 183.4 102.2 0.0 0.0 0 .0 464.6 1.3 0.0 463.3 0.0 
AMRELI 1911 0.0 0.0 15.3 0.0 0.0 82.5 23.4 87.4 60.1 0.0 0.0 0.0 268.7 0.0 15.3 253.4 0.0 
AMRELI 1912 0.0 0.0 0.0 0.0 0.0 84.7 404.8 113.8 9.6 0.0 18.3 0. 0 631.2 0.0 0.0 612.9 18.3 
AMRELI 1913 0.0 0.0 0.0 0.0 0.0 519.7 134.8 37.9 12.7 0.0 0.0 0. 0 705.1 0.0 0.0 705.1 0.0 
AMRELI 1914 0.0 0.0 0.0 0.0 0.0 190.0 169.3 56.5 451.1 0.0 2.5 0 .0 869.4 0.0 0.0 866.9 2.5 
AMRELI 1915 0.0 1.3 8.9 0.0 0.0 68.7 63.5 33.8 37.4 26.9 0.0 0.0 240.5 1.3 8.9 203.4 26.9 
AMRELI 1916 0.0 0.0 0.0 0.0 0.0 21.0 115.8 184.6 113.8 9.7 0.0 0 .0 444.9 0.0 0.0 435.2 9.7 
AMRELI 1917 0.0 0.3 0.0 0.0 107.2 200.3 261.5 155.3 57.1 478.1 0.0 0.0 1259.8 0.3 107.2 674.2 478.1 
AMRELI 1918 0.0 0.0 0.0 7.6 4.5 8.9 157.2 18.2 0.0 0.0 0.0 0.0 19 6.4 0.0 12.1 184.3 0.0 
AMRELI 1919 1.5 0.0 0.0 0.0 0.0 30.3 290.3 123.0 15.3 155.7 27. 9 0.0 644.0 1.5 0.0 458.9 183.6 
AMRELI 1920 77.4 31.7 0.0 0.0 21.6 614.0 114.5 60.7 52.3 0.0 0. 0 0.0 972.2 109.1 21.6 841.5 0.0 
AMRELI 1921 0.0 0.0 0.0 0.0 0.0 3.8 500.8 49.2 245.1 0.0 0.0 0.0 798.9 0.0 0.0 798.9 0.0 
AMRELI 1922 0.0 0.0 0.0 0.0 0.0 63.7 79.9 38.0 136.1 0.0 0.0 0.0 317.7 0.0 0.0 317.7 0.0 
AMRELI 1923 0.0 14.8 0.0 0.0 0.0 0.0 218.0 60.3 30.7 0.0 0.0 0.0 323.8 14.8 0.0 309.0 0.0 
AMRELI 1924 0.0 0.0 0.0 0.0 0.0 47.8 99.3 119.8 120.4 0.0 0.0 2. 5 389.8 0.0 0.0 387.3 2.5 
AMRELI 1925 0.0 0.0 0.0 0.0 52.1 422.2 125.2 86.3 13.2 0.0 31.7 0.0 730.7 0.0 52.1 646.9 31.7 
AMRELI 1926 11.5 0.0 0.0 0.0 3.3 4.4 752.1 316.3 542.3 10.2 0.0 0.0 1640.1 11.5 3.3 1615.1 10.2 
AMRELI 1927 0.0 2.5 0.0 0.0 0.0 121.7 205.9 48.9 88.3 42.3 22.8 0.0 532.4 2.5 0.0 464.8 65.1 
AMRELI 1928 0.0 0.0 0.0 2.5 0.0 6.3 139.3 145.2 129.8 104.2 1.1 0.0 528.4 0.0 2.5 420.6 105.3 
AMRELI 1929 0.3 0.0 0.0 2.2 0.0 74.6 283.5 26.1 28.5 22.8 0.0 16 .4 454.3 0.3 2.2 412.6 39.2 
AMRELI 1930 0.3 0.0 0.0 0.0 0.0 449.2 129.0 12.3 110.6 50.7 0.0 0.4 752.5 0.3 0.0 701.1 51.2 
AMRELI 1931 0.0 0.0 0.0 0.0 3.6 28.3 93.3 113.6 63.1 128.0 0.0 0 .0 429.9 0.0 3.6 298.2 128.0 
AMRELI 1932 0.0 0.0 0.0 0.0 3.2 38.6 369.4 20.8 51.8 61.6 0.0 0. 0 545.5 0.0 3.2 480.6 61.6 
AMRELI 1933 0.0 5.9 0.0 0.0 104.9 171.7 169.7 223.8 194.7 14.9 0.0 2.0 887.6 5.9 104.9 759.9 16.9 
AMRELI 1934 0.0 0.0 0.4 0.5 0.0 116.2 106.4 85.6 20.7 5.0 26.8 0 .0 361.6 0.0 0.9 328.9 31.8 
AMRELI 1935 2.5 0.0 0.0 0.0 0.0 74.0 304.8 138.3 60.4 6.1 0.0 0. 0 586.1 2.5 0.0 577.5 6.1 
AMRELI 1936 0.0 2.5 0.0 0.0 0.0 109.0 85.2 11.0 165.2 0.0 64.1 0 .0 437.1 2.5 0.0 370.4 64.1 
AMRELI 1937 0.0 0.3 0.2 0.0 0.0 184.4 194.0 17.0 146.4 36.9 0.0 11.6 590.7 0.3 0.2 541.8 48.5 
AMRELI 1938 0.0 0.0 0.0 0.0 7.4 113.5 70.9 39.4 8.9 38.7 0.0 2.0 280.8 0.0 7.4 232.8 40.7 
AMRELI 1939 0.0 0.0 1.0 0.0 0.0 4.9 120.8 133.0 4.7 4.2 2.2 0.0 2 70.9 0.0 1.0 263.5 6.4 
AMRELI 1940 0.7 1.7 0.0 0.0 0.0 136.2 120.2 107.5 67.1 5.1 26.3 0.0 464.7 2.4 0.0 430.9 31.4 