AMRELI 1941 0.0 0.0 0.0 0.8 0.0 27.8 304.2 3.4 25.6 7.6 0.0 0.0 3 69.6 0.0 0.8 361.1 7.6 
AMRELI 1942 0.0 6.9 0.0 0.0 2.1 27.1 204.8 181.2 116.8 0.0 0.0 0 .0 539.0 6.9 2.1 530.0 0.0 
AMRELI 1943 0.0 0.0 0.0 0.3 20.9 18.3 314.1 22.2 78.1 36.0 0.0 0 .0 490.0 0.0 21.2 432.7 36.0 
AMRELI 1944 0.0 0.0 4.7 0.0 2.0 164.4 303.9 247.3 9.1 0.0 0.0 0. 0 731.4 0.0 6.8 724.7 0.0 
AMRELI 1945 3.3 0.0 0.0 1.5 0.0 270.2 247.9 148.2 110.6 1.3 0.0 0.0 782.9 3.3 1.5 776.8 1.3 
AMRELI 1946 0.0 0.0 0.0 0.0 0.3 303.6 186.9 99.6 128.4 0.8 42.7 0.0 762.3 0.0 0.3 718.5 43.5 
AMRELI 1947 0.0 0.0 0.0 248.9 0.0 0.0 163.8 144.3 207.1 5.9 0.0 0.0 770.0 0.0 248.9 515.2 5.9 
AMRELI 1948 12.7 0.0 0.0 0.0 0.0 0.6 9.2 124.6 73.5 70.3 60.4 0. 0 351.3 12.7 0.0 207.8 130.7 
AMRELI 1949 0.0 0.0 0.0 0.0 0.0 27.5 208.4 118.2 107.3 6.8 0.0 0 .0 468.3 0.0 0.0 461.5 6.8 
AMRELI 1950 0.0 0.0 0.0 0.0 0.0 6.7 342.5 16.1 22.8 0.0 0.0 0.0 3 88.1 0.0 0.0 388.1 0.0 
AMRELI 1951 0.0 0.0 0.0 0.0 9.2 36.4 119.4 67.6 9.4 0.8 3.8 0.0 2 46.8 0.0 9.2 232.9 4.6 
AMRELI 1952 0.0 0.0 0.0 0.0 6.8 208.1 132.2 20.8 12.6 0.3 0.0 0. 0 380.8 0.0 6.8 373.8 0.3 
AMRELI 1953 19.3 0.0 0.0 0.0 0.0 151.7 187.8 289.9 79.4 0.0 0.0 0.0 728.0 19.3 0.0 708.8 0.0 
AMRELI 1954 0.0 0.0 2.0 0.0 4.2 100.5 235.7 212.4 224.3 6.8 0.0 15.0 800.9 0.0 6.3 772.9 21.7 
AMRELI 1955 0.0 0.0 0.0 0.0 5.7 25.2 21.1 165.8 185.9 30.6 0.0 0 .0 434.4 0.0 5.7 398.0 30.6 
AMRELI 1956 0.0 1.8 0.0 1.9 1.1 84.6 384.2 69.0 116.0 91.5 14.5 0.0 764.5 1.8 3.0 653.7 106.0 
AMRELI 1957 0.0 0.0 0.0 0.4 1.9 135.2 260.5 178.3 20.3 0.5 21.1 2.3 620.5 0.0 2.3 594.3 23.9 
AMRELI 1958 0.0 0.0 0.0 0.8 2.5 135.8 192.5 203.3 142.2 50.8 6. 0 0.0 734.1 0.0 3.4 673.9 56.8 
AMRELI 1959 0.3 0.0 0.0 0.9 11.6 116.6 581.3 104.6 97.3 384.2 1 .0 0.0 1297.8 0.3 12.5 899.9 385.2 
AMRELI 1960 0.0 0.0 1.2 0.0 28.4 226.6 186.9 97.4 72.2 3.7 0.0 0 .0 616.4 0.0 29.6 583.0 3.7 
AMRELI 1961 0.0 0.0 0.0 0.0 5.3 69.6 316.0 100.6 122.0 23.2 0.0 0.0 636.7 0.0 5.3 608.2 23.2 
AMRELI 1962 0.0 0.0 0.8 0.0 5.1 23.6 130.9 111.0 131.4 0.0 21.5 0.0 424.4 0.0 5.9 397.0 21.5 
AMRELI 1963 0.4 0.0 5.3 0.0 0.8 42.8 207.9 226.9 38.1 26.9 34.9 0.0 583.8 0.4 6.1 515.6 61.7 
AMRELI 1964 0.0 0.0 0.0 0.0 2.4 227.6 255.6 215.0 166.9 0.5 0.0 0.0 868.1 0.0 2.4 865.2 0.5 
AMRELI 1965 2.1 0.0 0.0 0.0 0.0 6.7 369.5 183.8 71.3 0.0 1.6 0.0 635.1 2.1 0.0 631.4 1.6 
AMRELI 1966 0.0 0.0 0.0 0.0 0.0 62.2 130.9 23.1 90.4 4.2 0.0 0.0 310.8 0.0 0.0 306.6 4.2 
AMRELI 1967 0.0 0.0 43.7 0.0 0.0 179.9 291.3 27.4 46.1 0.0 0.0 1 6.0 604.4 0.0 43.7 544.8 16.0 
AMRELI 1968 0.0 0.0 0.0 0.0 0.0 26.3 185.6 162.4 61.0 12.5 0.0 0 .3 448.2 0.0 0.0 435.4 12.8 
AMRELI 1969 0.0 0.0 0.0 0.0 0.0 96.1 206.9 51.4 57.1 0.0 10.9 0. 0 422.5 0.0 0.0 411.5 10.9 
AMRELI 1970 0.0 0.0 0.0 0.0 3.2 168.4 174.6 282.6 130.1 33.9 0. 0 0.0 792.9 0.0 3.2 755.7 33.9 
AMRELI 1971 0.0 0.0 0.0 3.3 0.0 116.9 209.5 164.9 149.9 1.0 0.0 0.0 645.5 0.0 3.3 641.2 1.0 
AMRELI 1972 0.6 0.5 0.0 0.0 0.0 80.4 107.2 22.3 17.8 0.0 0.0 0.0 228.8 1.1 0.0 227.7 0.0 
AMRELI 1973 0.0 0.0 0.0 0.0 2.6 62.0 198.5 104.8 214.2 12.3 0.0 0.0 594.3 0.0 2.6 579.4 12.3 
AMRELI 1974 0.0 0.0 0.0 0.8 10.3 26.3 122.4 46.9 81.7 34.8 0.0 0 .0 323.3 0.0 11.2 277.3 34.8 
AMRELI 1975 0.0 0.0 0.0 0.0 0.0 113.5 90.2 113.8 114.9 37.8 0.0 0.0 470.2 0.0 0.0 432.4 37.8 
AMRELI 1976 0.0 0.0 0.0 0.0 0.0 209.1 183.9 91.3 74.3 5.8 22.7 0 .0 587.1 0.0 0.0 558.6 28.5 
AMRELI 1977 0.0 0.0 0.0 0.0 7.7 156.1 252.2 53.9 95.4 0.4 9.7 0. 0 575.4 0.0 7.7 557.6 10.2 
AMRELI 1978 0.0 0.7 0.0 8.8 0.0 175.9 74.2 126.2 15.6 16.8 25.2 0.0 443.4 0.7 8.8 392.0 42.0 
AMRELI 1979 0.0 0.0 0.0 0.0 0.0 162.9 87.2 379.8 62.1 10.1 150. 0 0.0 852.1 0.0 0.0 692.0 160.1 
AMRELI 1980 0.0 0.0 0.0 0.0 0.0 218.1 282.0 160.5 5.9 0.0 0.5 7. 7 674.8 0.0 0.0 666.5 8.3 
AMRELI 1981 0.1 0.0 0.0 0.0 2.1 63.3 282.8 135.8 141.5 75.3 41. 6 0.0 742.5 0.1 2.1 623.3 116.9 